# orange monochrome LS_COLORS

NORMAL 38;5;214
FILE 38;5;214
DIR 38;5;208
LINK 38;5;215
FIFO 38;5;172
SOCK 38;5;173
BLK 38;5;166
CHR 38;5;166
ORPHAN 38;5;160
MISSING 38;5;160
EXEC 38;5;202

*.tar 38;5;208
*.tgz 38;5;208
*.zip 38;5;208
*.gz 38;5;208
*.bz2 38;5;208
*.xz 38;5;208

*.jpg 38;5;214
*.png 38;5;214
*.gif 38;5;214
*.bmp 38;5;214

*.mp3 38;5;215
*.wav 38;5;215
*.mp4 38;5;215
*.mkv 38;5;215

*.txt 38;5;223
*.md 38;5;223
*.log 38;5;223

*.c 38;5;209
*.cpp 38;5;209
*.hpp 38;5;209
*.py 38;5;209
*.js 38;5;209
*.rs 38;5;209
*.json 38;5;216
*.yaml 38;5;216
*.yml 38;5;216
